['12/2001',1.39,0.65,120030423,80555602,118950560,285329432,113016.70,1,120030423,80555602,118950560,285329432,113016.70]
['01/2002',1.53,0.52,120034058,79015372,120947604,295976787,112374.80,1.0052,119413109.8,78606617.59,120321930,294445669.5,111793.47]
['02/2002',1.25,0.36,120495519,76186089,121976002,299409788,111477.10,1.00881872,119442191.8,75520098.4,120909732.9,296792458.4,110502.61]
['03/2002',1.37,0.6,120786602,75160808,131342708,299076408,118444.70,1.014871632,119016630.4,74059423.48,129418050.3,294693829.7,116709.05]
['04/2002',1.48,0.8,120419316,74942239,128758823,303479187,120385.90,1.022990605,117713022.4,73257993.38,125865108,296658821.1,117680.36]
['05/2002',1.41,0.21,120908896,75539439,131585288,302490439,123552.50,1.025138886,117943917.3,73687029.2,128358498.4,295072641.6,120522.69]
['06/2002',1.33,0.42,126974870,80431777,136487220,285348226,123424.40,1.029444469,123343098,78131244.01,132583373,277186613.4,119894.18]
['07/2002',1.54,1.19,131996166,84276840,139746108,276541353,126856.60,1.041694858,126712890,80903576.84,134152633,265472514.2,121779.04]
['08/2002',1.44,0.65,136876680,86961145,147873696,267922361,127800.10,1.048465875,130549485,82941321.31,141038158.3,255537512,121892.47]
['09/2002',1.38,0.72,138721221,89567225,149801795,272008843,125137.80,1.056014829,131362947.9,84816256.87,141855768.4,257580514.5,118500.04]
['10/2002',1.65,1.31,139529472,92662831,154841508,272107101,133125.40,1.069848623,130419826.7,86613030.09,144732165.5,254341684.5,124433.87]
['11/2002',1.54,3.02,140309022,93972257,154307317,276764925,135966.60,1.102158052,127303903.3,85262051.89,140004708.7,251111829.7,123363.98]
['12/2002',1.74,2.1,140895698,104796074,149111845,279560334,130241.20,1.125303371,125206856.8,93126952.89,132508129.7,248431082,115738.75]
['01/2003',1.97,2.25,141282812,101244913,154976493,293543782,127177.50,1.150622697,122788132.4,87991409.6,134689236.9,255117322.9,110529.28]
['02/2003',1.83,1.57,140814916,94540598,159558205,300440373,131373.60,1.168687473,120489796.7,80894679.02,136527693.4,257075035,112411.23]
['03/2003',1.78,1.23,139704831,92128694,158615042,310324598,138690.50,1.183062329,118087464.7,77873068.69,134071585.3,262306212,117230.09]
['04/2003',1.87,0.97,138719211,90394890,159337843,315259861,141388.10,1.194538033,116127914.8,75673513.5,133388672.9,263917809.4,118362.16]
['05/2003',1.97,0.61,138432053,87986711,163826874,320747633,139605.80,1.201824715,115184894.4,73210934.89,136315114.7,266883871.6,116161.53]
['06/2003',1.86,-0.15,138247439,88239048,159624272,332069582,137993.40,1.200021978,115204089.2,73531193.25,133017790.4,276719583.5,114992.39]
['07/2003',2.08,0.2,138812245,88866559,162951566,344466583,145970.60,1.202422022,115443864.5,73906296.91,135519445.7,286477273.9,121397.14]
['08/2003',1.77,0.34,139451139,88725657,164200863,357282683,144819.40,1.206510257,115582224.2,73539082.21,136095704.1,296129005.8,120031.64]
['09/2003',1.68,0.78,139195378,89214043,164503343,368588122,148559.80,1.215921037,114477317,73371576.17,135291139.8,303134916.4,122178.82]
['10/2003',1.64,0.29,139129359,90246083,162436364,381604296,154925.90,1.219447208,114092154.3,74005731.77,133204916.9,312932198.6,127046.01]
['11/2003',1.34,0.34,141200603,93216911,165387357,392545757,153644.40,1.223593329,115398310.6,76182918.63,135165298.1,320813907.5,125568.19]
['12/2003',1.37,0.52,144118433,108009635,159363241,408096448,153801.40,1.229956014,117173648,87815851.76,129568244,331797595.5,125046.26]
['01/2004',1.27,0.76,144683599,105874287,162466642,425436766,144558.60,1.23930368,116745880.3,85430462.87,131095101.7,343286938.4,116645.02]
['02/2004',1.08,0.61,144902042,103613775,163824670,430627617,142861.30,1.246863432,116213242.2,83099537.87,131389425.5,345368711.5,114576.54]
['03/2004',1.38,0.47,144291743,102446398,167954969,438609422,157363.50,1.25272369,115182417.4,81778926.02,134071839.1,350124632.7,125617.09]
['04/2004',1.18,0.37,144734915,104090412,168538652,442521718,156953.90,1.257358768,115110276.1,82784973.27,134041815.5,351945466.4,124828.25]
['05/2004',1.23,0.51,147287542,104380309,179350958,459936414,159498.90,1.263771298,116546041.4,82594302.61,141917258.5,363939594.8,126208.67]
['06/2004',1.23,0.71,149287474,105659189,184398514,459626403,165342.20,1.272744074,117295752.6,83016838.31,144882634.1,361130263.7,129910.01]
['07/2004',1.29,0.91,151502618,108211272,186964437,465518306,171370.90,1.284326045,117962739,84255296.71,145573966.8,362461158.4,133432.55]
['08/2004',1.29,0.69,152155177,107906988,192226358,468200938,169178.90,1.293187895,117658986.5,83442621.48,148645342.9,362051748.2,130823.14]
['09/2004',1.25,0.33,152920896,111338377,194035275,472250949,164702.50,1.297455415,117862158.7,85812873.21,149550630.2,363982410.2,126942.71]
['10/2004',1.21,0.44,153680114,114987609,199339577,476255309,170536.50,1.303164219,117928432.8,88237236.23,152965815.2,365460701.1,130863.40]
['11/2004',1.25,0.69,155244307,114887070,201985569,480475164,176921.50,1.312156052,118312381.2,87555950.26,153934106.2,366172273,134832.67]
['12/2004',1.48,0.86,159588786,128842721,205794208,475197136,178462.40,1.323440594,120586286,97354366.8,155499392.2,359061931.6,134847.31]
['01/2005',1.38,0.58,160218688,126052085,209522040,483504674,163540.10,1.331116549,120364132,94696505.03,157403226.7,363232411.4,122859.34]
['02/2005',1.22,0.59,160232291,122417451,213846670,492333703,160701.60,1.338970137,119668308.2,91426573.03,159709812.9,367695805.5,120018.81]
['03/2005',1.53,0.61,159708511,121519884,224982288,503181123,175468.70,1.347137855,118553947.9,90205975.27,167007620.8,373518657.5,130252.97]
['04/2005',1.41,0.87,159438236,119486999,228575881,507005031,177179.00,1.358857954,117332525.8,87931927.43,168211754.8,373111133.1,130388.17]
['05/2005',1.5,0.49,158834889,118114508,229496167,508556372,177496.70,1.365516358,116318554.6,86498054.24,168065483.5,372427887.1,129985.04]
['06/2005',1.59,-0.02,159920729,120023226,234929809,511263033,180881.80,1.365243255,117137168.4,87913436.37,172079084.2,374484936.1,132490.53]
['07/2005',1.51,0.25,161792497,122319288,238592203,523669654,184073.70,1.368656363,118212651,89371803.85,174325864,382615876.6,134492.27]
['08/2005',1.66,0.17,161674957,121923455,246942793,532728716,187246.60,1.370983079,117926296.5,88931407.61,180120963.4,388574245.9,136578.35]
['09/2005',1.5,0.35,162195289,123969884,251704471,544812328,181538.90,1.375781519,117893202.3,90108699.85,182953810.2,396002068.9,131953.29]
['10/2005',1.41,0.75,162628363,124088037,253886536,549116171,189183.00,1.386099881,117328026.1,89523156.82,183166119.2,396159164.7,136485.84]
['11/2005',1.38,0.55,164240579,126389576,255439322,562134835,194794.50,1.39372343,117843020.7,90684832.63,183278343.8,403333131.1,139765.53]
['12/2005',1.47,0.36,169322667,144418005,264628612,560858439,198480.00,1.398740835,121053638.3,103248580,189190595.9,400973808.1,141899.05]
['01/2006',1.43,0.59,168740218,139814118,265252898,590841116,185564.80,1.406993405,119929643.8,99370841.01,188524620.6,419931688.2,131887.47]
['02/2006',1.15,0.41,169964485,133692429,270559919,604313618,178482.20,1.412762078,120306517,94631949.03,191511311.9,427753283.6,126335.64]
['03/2006',1.42,0.43,167242327,134022978,279547142,613023323,190223.30,1.418836955,117872829.8,94459745.7,197025557.4,432060442.7,134069.88]
['04/2006',1.08,0.21,166661120,133081709,282224403,619180548,185030.60,1.421816513,117217037.8,93599777.32,198495657.1,435485551.3,130136.76]
['05/2006',1.28,0.1,166049303,134105261,293691512,621918508,197874.30,1.423238329,116670061.2,94225442.23,206354414.4,436974254.5,139031.04]
['06/2006',1.18,-0.21,167620322,135986740,297271194,622796496,199071.90,1.420249529,118021741,95748484.49,209309130.5,438512024.3,140166.85]
['07/2006',1.17,0.19,170109595,139345581,297780510,628810965,206974.40,1.422948003,119547302.2,97927387.86,209270127.5,441907198,145454.65]
['08/2006',1.26,0.05,171003430,140238803,296332198,640415458,209818.00,1.423659477,120115401.7,98505861.31,208148228.4,449837526.7,147379.34]
['09/2006',1.06,0.21,174233250,146036125,290625266,655326670,201055.40,1.426649162,122127608.3,102363025.8,203711798.1,459346759.8,140928.41]
['10/2006',1.09,0.33,176209350,148772530,296480406,658525119,214271.70,1.431357104,123106490.7,103938094.5,207132381.7,460070458.3,149698.28]
['11/2006',1.02,0.31,180118515,152694671,300191019,672115171,219724.20,1.435794311,125448689.7,106348569.4,209076618.2,468113827.8,153033.20]
['12/2006',0.99,0.48,187864030,169733934,292673651,676407970,221359.30,1.442686124,130218227.6,117651325,202867169.9,468853175.2,153435.52]
['01/2007',1.08,0.44,189734962,166674006,293637245,704593638,211130.70,1.449033943,130938935.5,115024224.8,202643455.3,486250609.6,145704.45]
['02/2007',0.87,0.44,192044825,160264916,294203380,716182586,202704.10,1.455409692,131952415.9,110116702.4,202144716.8,492083150.1,139276.32]
['03/2007',1.05,0.37,194873228,159948447,292843707,722367066,217588.90,1.460794708,133402200.1,109494130.9,200468762.2,494502794.9,148952.42]
['04/2007',0.94,0.25,197639653,161678475,295691042,742992967,215128.80,1.464446695,134958584.5,110402430.9,201913147.8,507354053.6,146901.08]
['05/2007',1.03,0.28,200246408,161345435,298836961,747096851,226537.90,1.468547146,136356812.6,109867385.2,203491567.8,508731948.6,154259.88]
['06/2007',0.91,0.28,203955119,165583266,302113938,753067064,228988.60,1.472659078,138494456.8,112438288.3,205148593.2,511365512.5,155493.29]
['07/2007',0.97,0.24,208214262,170656672,301258629,760865774,233824.10,1.476193459,141048086,115605899,204078013.7,515424160.1,158396.65]
['08/2007',0.99,0.47,212971473,174151111,308915980,757180152,235019.10,1.483131569,143595806,117421215.1,208286295.4,510527972,158461.40]
['09/2007',0.8,0.18,218432219,179358592,312773181,779833050,223002.70,1.485801206,147013085.1,120715067,210508094.8,524856923.7,150089.19]
['10/2007',0.93,0.3,221168739,182762622,317328898,792714804,241939.40,1.490258609,148409636.9,122638192.4,212935457,531931034.8,162347.26]
['11/2007',0.84,0.38,225354951,187241859,316256145,793439329,241938.40,1.495921592,150646231.9,125168230.8,211412247,530401682.4,161732.01]
['12/2007',0.84,0.74,234671897,214155337,309818791,777910747,242460.20,1.506991412,155722119.7,142107868.3,205587628.8,516201181.4,160890.23]
['01/2008',0.93,0.54,237490432,202948456,323962148,803115554,237247.70,1.515129165,156745997.3,133947956.8,213818171.7,530064084.6,156585.79]
['02/2008',0.8,0.49,240438780,190951499,330435931,811637272,232680.40,1.522553298,157918136.8,125415313.4,217027496.8,533076426.9,152822.50]
['03/2008',0.84,0.48,242582015,189359423,349804704,805100056,242124.40,1.529861554,158564684.7,123775528.9,228651215.6,526256806.6,158265.56]
['04/2008',0.9,0.55,242699018,191044848,381734303,799738108,248793.80,1.538275793,157773410.5,124194145.8,248157258.2,519892539.4,161735.50]
['05/2008',0.88,0.79,245170731,191882691,413629088,792860990,254936.90,1.550428171,158130983.1,123761096.8,266783779.9,511381955.4,164430.00]
['06/2008',0.96,0.74,248087169,190629165,432267784,781318896,265791.20,1.56190134,158836645.2,122049427.9,276757419.3,500235755,170171.57]
['07/2008',1.07,0.53,251930707,194074302,477177780,778810873,278095.60,1.570179417,160447082.9,123600080.3,303900162.5,496001198.7,177110.72]
['08/2008',1.02,0.28,255225913,192300570,517796164,770886065,269235.60,1.574575919,162091843.2,122128484,328848014,489583293.9,170989.28]
['09/2008',1.1,0.26,258397675,198029149,545378734,765717187,265271.20,1.578669817,163680633.1,125440511.3,345467258.7,485039480,168034.63]
['10/2008',1.18,0.45,259940515,199894602,573951258,746996190,280522.50,1.585773831,163920295.5,126054925.4,361937652.7,471060989.6,176899.44]
['11/2008',1.02,0.36,264128859,199130232,582369748,751833644,270698.80,1.591482617,165964023.9,125122467.5,365929066.4,472410842.7,170092.21]
['12/2008',1.12,0.28,271156743,222008940,588461524,747936567,264404.80,1.595938768,169904227.2,139108682.9,368724374.5,468649914.4,165673.52]
['01/2009',1.05,0.48,272499566,212754612,595862866,763467231,249934.40,1.603599274,169929963.4,132673178.1,371578408.4,476096019.4,155858.39]
['02/2009',0.86,0.55,274852749,202578899,601185517,776050436,244024.50,1.61241907,170459872.4,125636630.6,372846940.5,481295744,151340.62]
['03/2009',0.97,0.2,275496475,198233106,602049655,781135810,262181.70,1.615643908,170518066.3,122696037.8,372637591.7,483482657.3,162276.91]
['04/2009',0.84,0.48,276043847,199892749,603362233,796741636,259563.50,1.623398999,170040666,123132236.2,371666012.7,490786083.1,159888.91]
['05/2009',0.77,0.47,279463482,201586202,612046283,804926078,268324.00,1.631028974,171341825.6,123594494.8,375251631.1,493508141.6,164512.10]
['06/2009',0.76,0.36,283038102,204615096,622764113,798240387,275701.20,1.636900678,172910980.9,125001534.1,380453207.2,487653525.6,168428.79]
['07/2009',0.79,0.24,291041246,207755005,622114573,833091564,285444.20,1.64082924,177374487.8,126615859.8,379146444.9,507725937.4,173963.38]
['08/2009',0.69,0.15,295603406,206702982,619342640,854651539,284240.40,1.643290484,179885059.2,125786027.5,376891758.4,520085491.5,172970.27]
['09/2009',0.69,0.24,300498349,213022527,625010938,866840988,283157.90,1.647234381,182425981.7,129321321.5,379430483.7,526240223,171898.97]
['10/2009',0.69,0.28,302983247,216117801,618170486,890014578,301895.90,1.651846637,183420930.3,130834059.4,374229950.9,538799763.8,182762.67]
['11/2009',0.66,0.41,309223991,219877940,616062557,896930727,305048.80,1.658619209,186434589.3,132566859.7,371430979.3,540769528.3,183917.32]
['12/2009',0.73,0.37,319631931,244897021,611520093,902227823,313522.80,1.6647561,191999255.1,147106847.1,367333144.5,541957962,188329.57]
['01/2010',0.66,0.75,323908655,240128519,609095819,924014378,288972.80,1.67724177,193119835.6,143168697.1,363153261.3,550913049.2,172290.49]
['02/2010',0.59,0.78,326604361,234288145,612124447,934317516,285723.20,1.690324256,193219945.7,138605444.6,362134332.9,552744547.4,169034.55]
['03/2010',0.76,0.52,328636026,232458562,620537488,944427118,311651.60,1.699113942,193416119.9,136811638.2,365212404.3,555835070.5,183420.07]
['04/2010',0.67,0.57,331852076,234236600,613856608,960888504,307083.50,1.708798892,194201949.4,137076750.9,359232798.5,562318075.3,179707.22]
['05/2010',0.75,0.43,335901450,236503300,620970835,967027136,315988.40,1.716146727,195730029.8,137810652.4,361840176.7,563487445.9,184126.68]
['06/2010',0.79,0,341889866,239622402,631694252,979794379,321023.20,1.716146727,199219484.3,139628155.5,368088719.9,570926928.1,187060.46]
['07/2010',0.86,0.01,350691950,243919917,632552678,997770350,332454.20,1.716318342,204328032.5,142118108.9,368552070.2,581343405.7,193701.94]
['08/2010',0.89,0.04,354495995,245762694,645994742,1011761460,334225.60,1.717004869,206461846.1,143134535.3,376233494.5,589259517.1,194656.17]
['09/2010',0.85,0.45,361242172,253042067,664680415,1033984212,331255.90,1.724731391,209448366.2,146713898.9,385381989.6,599504489.4,192062.31]
['10/2010',0.81,0.75,365719671,257797436,671631353,1073820074,344963.80,1.737666876,210465927.6,148358376.1,386513296.7,617966589.9,198521.25]
['11/2010',0.81,0.83,371209621,259156712,688640478,1072813735,356707.50,1.752089512,211866813.1,147912940.7,393039552.8,612305323.4,203589.77]
['12/2010',0.93,0.63,379604273,285495051,720568121,1054349956,355797.40,1.763127675,215301636,161925341.5,408687431.5,597999776.6,201799.00]
['01/2011',0.86,0.83,382043990,274105675,728217725,1082217581,333255.60,1.777761635,214901695.7,154185842.2,409626189.8,608752916.9,187457.98]
['02/2011',0.84,0.8,383334105,263102101,749487475,1101211477,334982.00,1.791983728,213916063.5,146821702,418244576.2,614520913.1,186933.62]
['03/2011',0.92,0.79,385733263,259234847,777746758,1117092255,347879.60,1.8061404,213567706.6,143529731.7,430612569.3,618496909.3,192609.39]
['04/2011',0.84,0.77,386122941,257909268,788727598,1137065555,349049.30,1.820047681,212149904.1,141704676.6,433355458.9,624744926.8,191780.31]
['05/2011',0.99,0.47,387046563,256392040,811840361,1141802448,366256.20,1.828601905,211662561.4,140212060,443967797.9,624412806.8,200293.02]
['06/2011',0.96,0.15,389558700,257942770,833786482,1133682601,370951.20,1.831344808,212717287.5,140848828.1,455286453.1,619043773.9,202556.72]
['07/2011',0.97,0.16,398005681,260111822,847374286,1153465414,373143.30,1.834274959,216982562.5,141806341.9,461966883.2,628839971.9,203428.23]
['08/2011',1.07,0.37,402719240,257132582,872902461,1177730331,376769.30,1.841061777,218742926,139665374.2,474129913.5,639701690.6,204647.83]
['09/2011',0.94,0.53,409310509,260862382,892588677,1180278460,361724.60,1.850819404,221150971.3,140944265.8,482266759.8,637705903.3,195440.25]
['10/2011',0.88,0.43,412717601,263204853,898718897,1199882552,378491.00,1.858777928,222037067.9,141601021.3,483499875.7,645522272.6,203623.57]
['11/2011',0.86,0.52,414983459,262725379,918859435,1206026029,389560.80,1.868443573,222101146.1,140611888.3,491777995.5,645470939.8,208494.82]
['12/2011',0.91,0.5,420872648,287282888,936860177,1190142459,391595.10,1.877785791,224132406.4,152990234.3,498917491.9,633800971.8,208540.88]
['01/2012',0.89,0.56,423261828,276139561,934420143,1228410663,367215.40,1.888301391,224149508.1,146237016.1,494846928.2,650537392.4,194468.64]
['02/2012',0.75,0.45,425054072,268141408,942198418,1245399459,367177.30,1.896798747,224090232.3,141365238.9,496730831,656579650.7,193577.36]
['03/2012',0.82,0.21,429860852,264973099,953072785,1294665436,392996.50,1.900782025,226149472.4,139402149,501410878.6,681122516.5,206755.16]
['04/2012',0.71,0.64,434077045,265800884,943049014,1333154485,381795.30,1.91294703,226915350.1,138948376.4,492982293.5,696911343.7,199584.88]
['05/2012',0.74,0.36,442527440,266543035,958451623,1351711139,400281.30,1.919833639,230503013.9,138836527.1,499236810.7,704077223.9,208497.91]
['06/2012',0.64,0.08,449801588,270999075,968452487,1343236547,398714.50,1.921369506,234104677.2,141044746.6,504042811.1,699103708.5,207515.78]
['07/2012',0.68,0.43,460241954,276842883,967314006,1359801153,414617.40,1.929631395,238512886.6,143469309.1,501294707.7,704694770.5,214868.71]
['08/2012',0.69,0.41,465932010,274315205,975940980,1387293011,419906.30,1.937542884,240475714.9,141578907.7,503700324.9,716006351.5,216721.04]
['09/2012',0.54,0.57,474052528,283327559,980023473,1382279672,393524.70,1.948586878,243280160.3,145401553.4,502940610,709375439,201953.89]
['10/2012',0.61,0.59,479470968,284544283,981369126,1419633002,422672.10,1.960083541,244617618.6,145169467.1,500677193.4,724271681.6,215639.84]
['11/2012',0.55,0.6,485716890,286918403,976721648,1436637547,423816.40,1.971844042,246326220.4,145507655.2,495334127.5,728575646.2,214934.04]
['12/2012',0.55,0.79,497139074,321521526,962266786,1420315628,423195.90,1.98742161,250142733.5,161778217.8,484178486,714652402.4,212937.15]
['01/2013',0.6,0.86,501669856,308933642,953022131,1493071168,414131.80,2.004513436,250270138.9,154119017.9,475438135.8,744854657.3,206599.66]
['02/2013',0.49,0.6,506417662,298958073,947936897,1516051734,398645.40,2.016540516,251131905.3,148252946.4,470080759.3,751808219,197687.77]
['03/2013',0.55,0.47,514654970,299263560,966865683,1511751721,427409.80,2.026018257,254022868.9,147710199.1,477224565.9,746168854.1,210960.49]
['04/2013',0.61,0.55,519548894,299465983,964812561,1532142637,438856.80,2.037161357,255035710.5,147001602,473606353.1,752096848.7,215425.65]
['05/2013',0.6,0.37,527860458,299874457,978274450,1533854190,439054.20,2.044698854,258160490,146659473.3,478444269.7,750161417.2,214728.05]
['06/2013',0.61,0.26,539315239,306171339,997651311,1513097722,442857.00,2.050015071,263078670.3,149350774.7,486655598.3,738091023.5,216026.22]
['07/2013',0.72,0.03,551158753,310869063,998419015,1545645375,458458.90,2.050630076,268775319.1,151596851.5,486884020.1,753741688.2,223569.77]
['08/2013',0.71,0.24,558449217,307668388,1008075656,1542447062,452862.20,2.055551588,271678521.9,149676802,490416130.6,750381100.2,220311.77]
['09/2013',0.71,0.35,567882037,313981031,1012626917,1542469031,438766.70,2.062746018,275303906.5,152215070.7,490912069.6,747774576.9,212710.00]
['10/2013',0.81,0.57,575369015,313096998,1019997392,1551662447,466166.00,2.074503671,277352613.6,150926220.3,491682616.2,747968041.2,224712.06]
['11/2013',0.72,0.54,584781093,316979581,1030254507,1536867788,465693.80,2.08570599,280375611.7,151977115.9,493959604.9,736857349.5,223278.74]
['12/2013',0.79,0.92,599825987,349124704,1030990676,1538644627,473552.50,2.104894486,284967247.1,165863280.3,489806345.7,730984207.3,224976.84]
['01/2014',0.85,0.55,604824604,333355173,1043027979,1547808700,455935.00,2.116471405,285770269.6,157505162.7,492814585.8,731315668.2,215422.23]
['02/2014',0.79,0.69,609877474,322002925,1053485170,1564614871,450358.80,2.131075058,286183009.7,151098819.3,494344470,734190410.2,211329.39]
['03/2014',0.77,0.92,614875533,321470023,1068859576,1578049394,462159.80,2.150680948,285898070.3,149473599.6,496986583.1,733744070.7,214889.99]
['04/2014',0.82,0.67,616830710,323439802,1081246034,1580976399,468767.50,2.165090511,284898348.1,149388582.3,499399922.8,730212612.9,216511.73]
['05/2014',0.87,0.46,622339689,317257781,1100440147,1608300485,473347.10,2.175049927,286126622.3,145862298.2,505937879.1,739431525.2,217625.85]
['06/2014',0.82,0.4,628926415,318759951,1114894236,1622930934,458516.50,2.183750127,288002920.9,145969058.9,510541120.2,743185272.9,209967.47]
['07/2014',0.95,0.01,636446769,320326008,1118768663,1649008152,481994.00,2.183968502,291417558.7,146671532.9,512264101.8,755051252.2,220696.41]
['08/2014',0.87,0.25,640564030,317922963,1128915890,1694993168,477052.90,2.189428423,292571350.2,145208201.2,515621281.8,774171537.2,217889.24]
['09/2014',0.91,0.57,645474104,327925378,1138648217,1688462699,476520.60,2.201908165,293143063,148927817.8,517118849.5,766817947.1,216412.57]
['10/2014',0.95,0.42,649650206,329034213,1146906850,1716827975,493304.70,2.211156179,293805662.4,148806410,518691018.1,776439037.2,223098.08]
['11/2014',0.84,0.51,655806257,331258675,1152736495,1732650335,489484.40,2.222433076,295084816.8,149052261,518682208,779618677.3,220247.08]
['12/2014',0.96,0.78,664847301,362152876,1158263129,1722242944,499867.70,2.239768054,296837567.5,161692133.9,517135302,768938078.6,223178.33]
['01/2015',0.94,1.24,663517447,343797138,1167382599,1755771048,472913.90,2.267541178,292615390.4,151616712.1,514823109,774306136.2,208558.02]
['02/2015',0.82,1.22,660210261,334090852,1177591430,1782860055,460156.70,2.29520518,287647599.7,145560342.4,513065864.5,776775893.7,200486.08]
['03/2015',1.04,1.32,652549189,328802402,1202626201,1792037582,501752.20,2.325501889,280605744.6,141389866.7,517146946.6,770602505.6,215760.82]
['04/2015',0.95,0.71,650444733,323912405,1208187877,1825130441,486614.60,2.342012952,277728922.2,138305129.7,515875830.7,779299892.2,207776.22]
['05/2015',0.99,0.74,651079300,318914527,1224115371,1861105945,483239.70,2.359343848,275957784,135170855.8,518837206.4,788823531.1,204819.53]
['06/2015',1.07,0.79,648879274,316917201,1233218831,1870466182,486647.50,2.377982664,272869640.2,133271451.4,518598747.4,786576878.9,204647.20]
['07/2015',1.18,0.62,650714091,318268214,1247617026,1899266107,502275.20,2.392726157,271955104.1,133014893.1,521420732.8,793766600.4,209917.54]
['08/2015',1.11,0.22,647539584,312390576,1254983817,1891145441,492505.70,2.397990154,270034296.4,130271834.3,523348194.2,788637700.5,205382.70]
['09/2015',1.11,0.54,646378452,310836657,1278429006,1899405882,496004.70,2.410939301,268102333.3,128927616.2,530261796.9,787828163.5,205730.89]
['10/2015',1.11,0.82,647197563,315384658,1293063812,1920877338,518828.90,2.430709003,266258759.1,129750067.8,531969812.2,790253928.1,213447.56]
['11/2015',1.06,1.01,649996769,315102771,1295673313,1931268205,513819.80,2.455259164,264736520.9,128337886.1,527713461.7,786584256.8,209273.14]
['12/2015',1.16,0.96,659005512,345150416,1327916993,1953434320,521918.70,2.478829652,265853489.1,139239263.9,535703206.5,788047019.8,210550.45]
['01/2016',1.06,1.27,650996716,331050008,1328146602,1974993242,490284.00,2.510310789,259329131.2,131876104.5,529076562.1,786752481.3,195308.09]
['02/2016',1,0.9,648289784,323084058,1333607720,2019789929,491011.70,2.532903586,255947280.3,127554818.8,526513416.2,797420770.4,193853.29]
['03/2016',1.16,0.43,647003070,318046218,1340726206,2079511975,516985.90,2.543795071,254345594.6,125028238.9,527057474.5,817484080.5,203234.10]
['04/2016',1.06,0.61,642773092,317669550,1339410656,2108989223,508058.70,2.559312221,251150714.1,124123015.3,523347892,824045306.2,198513.76]
['05/2016',1.11,0.78,640246589,317328438,1357722556,2130133983,513267.50,2.579274857,248227360.2,123030097.9,526397003.6,825865447.2,198996.82]
['06/2016',1.16,0.35,640680041,313685875,1371922130,2152177878,536459.30,2.588302319,247529060.4,121193676.9,530047096.9,831501738.6,207263.00]
['07/2016',1.11,0.52,643807200,318298994,1377608570,2202153849,532947.80,2.601761491,247450507,122339805.2,529490721.9,846408810.7,204841.14]
['08/2016',1.22,0.44,643658871,316244712,1391903048,2250603720,534761.80,2.613209241,246309733.2,121017753.6,532641254.3,861241298.4,204637.96]
['09/2016',1.11,0.08,645433350,323191097,1382900023,2289414761,509975.00,2.615299809,246791342.2,123577073.6,528773037.2,875392853,194996.76]
['10/2016',1.05,0.26,646800713,325910505,1386692726,2330726607,525162.70,2.622099588,246672825.1,124293717.3,528848230,888877988.3,200283.28]
['11/2016',1.04,0.18,652682548,325517068,1401847407,2350676740,541530.70,2.626819367,248468758.9,123920613.7,533667226.8,894875669.5,206154.53]
['12/2016',1.12,0.3,669286299,356106672,1413750903,2415674938,565780.50,2.634699826,254027533.8,135160244.3,536588984.2,916869130.4,214741.92]
['01/2017',1.09,0.38,662201480,339559886,1402073173,2504906056,526564.70,2.644711685,250387020.9,128392024,530142163,947137667.3,199100.98]
['02/2017',0.87,0.33,664105901,330765419,1403360097,2555392070,514120.50,2.653439233,250281179.5,124655358.5,528883450.3,963049026.3,193756.27]
['03/2017',1.05,0.25,662919497,327536761,1424812593,2622161229,544312.90,2.660072832,249211032.6,123130749.3,535629166.3,985747908.1,204623.31]
['04/2017',0.79,0.14,665181328,330907717,1435603993,2628511335,525238.10,2.663796933,249711725.3,124224077.6,538931468.4,986753645.5,197176.48]
['05/2017',0.93,0.31,668998341,329640852,1466500927,2653796384,548887.70,2.672054704,250368504.8,123366056.7,548828931.1,993166936.3,205417.84]
['06/2017',0.81,-0.23,678744382,332318715,1484764613,2687285236,556787.60,2.665908978,254601484,124654936.7,556944976.4,1008018375,208854.69]
['07/2017',0.8,0.24,684707833,337005494,1474259747,2754116389,557458.20,2.67230716,256223477.3,126110313.6,551680498.9,1030613707,208605.59]
['08/2017',0.8,0.19,690409721,332246885,1492577046,2824597330,555578.70,2.677384543,257867224.5,124093823.5,557475783.5,1054983804,207508.00]
['09/2017',0.64,0.16,697406903,337527755,1496759251,2862638426,528871.20,2.681668359,260064560.5,125864838.6,558144800.5,1067484134,197217.23]
['10/2017',0.64,0.42,698581334,337219206,1484249932,2902057856,549304.70,2.692931366,259412973.9,125223839.8,551165154.4,1077657564,203980.21]
['11/2017',0.57,0.28,705588126,340389865,1487886611,2882977758,566209.30,2.700471573,261283300.6,126048305.2,550972884,1067583079,209670.53]
['12/2017',0.54,0.44,727981354,377118524,1469875382,2896876296,588892.80,2.712353648,268394703.8,139037372.3,541918780.7,1068030453,217115.05]
['01/2018',0.58,0.29,725734249,359495631,1466644782,2971930102,555644.60,2.720219474,266792534.9,132156847.8,539164135.8,1092533206,204264.62]
['02/2018',0.47,0.32,727848592,352353259,1478313273,2987768149,528905.50,2.728924176,266716312,129118010,541720171.6,1094852021,193814.66]
['03/2018',0.53,0.09,734825268,353085750,1519999090,3005997849,560120.70,2.731380208,269030750.8,129270084.4,556494875.9,1100541712,205068.74]
['04/2018',0.52,0.22,738795110,355298596,1512333244,3017059526,559359.80,2.737389245,269890411.6,129794692.8,552472852.4,1102166793,204340.61]
['05/2018',0.52,0.4,744039511,355090493,1536886650,3015123620,547016.50,2.748338802,270723358.6,129201862.9,559205673.3,1097071299,199035.32]
['06/2018',0.52,1.26,752524350,358080184,1576041126,3015550512,580697.80,2.78296787,270403535,128668457.8,566316680.4,1083573599,208661.34]
['07/2018',0.54,0.33,759125383,363565694,1571790641,3043139386,583054.80,2.792151664,271878276.8,130209866,562931684.9,1089890433,208819.17]
['08/2018',0.57,-0.09,767980281,364099050,1588987500,3084434879,582756.70,2.789638728,275297397.2,130518352.2,569603326.8,1105675387,208900.42]
['09/2018',0.47,0.48,779246716,373223537,1617872576,3108010448,556776.60,2.803028994,278001661,133150080.8,577187242.7,1108804245,198633.91]
['10/2018',0.54,0.45,779696012,368955636,1616417923,3157872605,591983.90,2.815642624,276915829.2,131037807.4,574084903.1,1121545958,210248.24]
['11/2018',0.49,-0.21,783382482,369275906,1607881061,3175607689,593926.90,2.809729775,278810613.4,131427552,572254697,1130218186,211382.21]
['12/2018',0.49,0.15,800889430,403197275,1640179973,3274480487,603155.20,2.813944369,284614521.4,143285446.4,582875763.6,1163662126,214345.10]
['01/2019',0.54,0.32,792574332,383047405,1617479795,3247655001,578452.60,2.822948991,280761124.1,135690515.9,572975211.4,1150447639,204910.75]
['02/2019',0.49,0.43,791418686,373655326,1621544780,3258660302,567984.50,2.835087672,279151397.6,131796744.7,571955779.7,1149403715,200341.07]
['03/2019',0.47,0.75,796364767,375135896,1653175807,3282414611,579172.60,2.85635083,278804955.9,131333970.6,578771973.6,1149163673,202766.62]
['04/2019',0.52,0.57,796502550,377238871,1665393746,3282271018,592916.00,2.872632029,277272738.7,131321682.4,579744892.1,1142600578,206401.65]
['05/2019',0.54,0.13,798870075,371317822,1687819284,3337559480,604607.40,2.876366451,277735847.9,129092668.9,586788683.8,1160338760,210198.32]
['06/2019',0.47,0.01,804274578,373804135,1701379397,3376142593,598283.00,2.876654088,279586823.3,129944068.2,591443859.8,1173635234,207978.78]
['07/2019',0.57,0.19,805719122,376780611,1709153460,3423766466,627049.70,2.88211973,279557824.6,130730381.2,593019589.7,1187933461,217565.46]
['08/2019',0.5,0.11,810065572,374565903,1724028506,3448148885,616157.60,2.885290062,280757065.9,129819149.9,597523461.7,1195078765,213551.35]
['09/2019',0.46,-0.04,821615885,383352236,1745635615,3499742010,614187.90,2.884135946,284874187.8,132917533.4,605254276.4,1213445578,212953.87]
['10/2019',0.48,0.1,824232326,385908524,1759998312,3522339930,641340.10,2.887020082,285495875.5,133670190.4,609624547.8,1220060765,222146.05]
['11/2019',0.38,0.51,829347597,391760160,1771104190,3514903423,634826.20,2.901743884,285810061.1,135008524.4,610358550.1,1211307256,218774.03]
['12/2019',0.37,1.15,849177209,433418158,1802523450,3513685847,646343.10,2.935113939,289316608,147666553,614123842.3,1197120766,220210.57]
['01/2020',0.38,0.21,839337057,408454118,1788168911,3534153734,617747.20,2.941277678,285364779.8,138869621.5,607956509.6,1201570923,210026.82]
['02/2020',0.29,0.25,838021934,408932481,1795106006,3562698312,609810.80,2.948630873,284207135.5,138685545.5,608793058.1,1208255108,206811.51]
['03/2020',0.34,0.07,852637621,416408470,1921041039,3457156260,616335.30,2.950694914,288961633,141122170.2,651046988.9,1171641380,208878.02]
['04/2020',0.28,-0.31,885468205,448853614,2036114267,3427722289,555387.40,2.94154776,301021189.3,152590965.9,692191469.7,1165278475,188807.88]
['05/2020',0.24,-0.38,924827549,484120149,2110427339,3449041744,561628.40,2.930369878,315600960.8,165207864.2,720191452.5,1176998770,191657.85]
['06/2020',0.21,0.26,947378241,514451009,2152172786,3541699151,591612.00,2.93798884,322458080.2,175103118.8,732532662,1205484208,201366.32]
['07/2020',0.19,0.36,977466462,533014391,2194534425,3633486220,629925.10,2.9485656,331505753.9,180770741.9,744271867.3,1232289429,213637.81]
['08/2020',0.16,0.24,990591708,546062801,2201654740,3713126708,625222.80,2.955642157,335152787.5,184752677.1,744898950.1,1256284256,211535.35]
['09/2020',0.16,0.64,1005463543,565746786,2251228649,3698740524,636587.40,2.974558267,338021128.7,190195227.4,756827887.3,1243458756,214010.73]
['10/2020',0.16,0.86,1014119378,579454938,2288444094,3684574463,659383.40,3.000139468,338024078.1,193142666.9,762779236.8,1228134392,219784.25]
['11/2020',0.15,0.89,1017162668,584084142,2297410408,3694893970,662205.10,3.02684071,336047637,192968245.8,759012656.6,1220709751,218777.65]
['12/2020',0.16,1.35,1039907276,619777029,2317206341,3812713248,681911.70,3.067703059,338985637.1,202032927.3,755355487.9,1242856031,222287.39]
['01/2021',0.15,0.25,1022552380,592242390,2272620240,3871123960,651778.20,3.075372317,332497101.1,192575834.4,738974018.7,1258749693,211934.73]
['02/2021',0.13,0.86,1018960953,581066612,2276603180,3904392649,672534.50,3.101820519,328504162.9,187330829.9,733957095.9,1258742286,216819.28]
['03/2021',0.2,0.93,1017187118,578967966,2325101459,3894127616,723710.00,3.13066745,324910625.1,184934355.2,742685544.4,1243864984,231167.96]
['04/2021',0.21,0.31,1022884982,582626374,2319831225,3956600494,696137.30,3.140372519,325720906,185527790.3,738712115,1259914380,221673.48]
['05/2021',0.27,0.83,1025122529,581369652,2331549245,4020629684,688826.20,3.166437611,323746321.6,183603697.1,736331970.4,1269764378,217539.80]
['06/2021',0.31,0.53,1033697979,593935225,2388116258,4041000236,693196.20,3.18321973,324733467,186583169.1,750220362,1269469461,217765.74]
['07/2021',0.36,0.96,1040582002,625208029,2429553684,4078431358,720941.70,3.213778639,323787702.5,194539854.5,755980407.1,1269045512,224328.36]